606.9453286597987
609.0234685437418
583.6866668813658
583.1681084520206
597.2577167858511
586.8804756179765
609.0234685437418
586.4658273515424
615.6248048560019
606.9453286597987
607.0556954248071
587.7987716378633
609.0234685437418
603.501273608189
586.4658273515424
609.0234685437418
586.4658273515424
601.5012709116197
605.0263843484067
591.435797433909
589.0201958615274
591.435797433909
606.9453286597987
590.2854069466172
606.9453286597987
612.7326813738083
586.4658273515424
568.6118289611438
606.9453286597987
606.9453286597987
