200
8
35.00000 35.00000 0
41.00000 49.00000 10
35.00000 17.00000 7
55.00000 45.00000 13
55.00000 20.00000 19
15.00000 30.00000 26
25.00000 30.00000 3
20.00000 50.00000 5
10.00000 43.00000 9
55.00000 60.00000 16
30.00000 60.00000 16
20.00000 65.00000 12
50.00000 35.00000 19
30.00000 25.00000 23
15.00000 10.00000 20
30.00000 5.00000 8
10.00000 20.00000 19
5.00000 30.00000 2
20.00000 40.00000 12
15.00000 60.00000 17
45.00000 65.00000 9
45.00000 20.00000 11
45.00000 10.00000 18
55.00000 5.00000 29
65.00000 35.00000 3
65.00000 20.00000 6
45.00000 30.00000 17
35.00000 40.00000 16
41.00000 37.00000 16
64.00000 42.00000 9
40.00000 60.00000 21
31.00000 52.00000 27
35.00000 69.00000 23
53.00000 52.00000 11
65.00000 55.00000 14
63.00000 65.00000 8
2.00000 60.00000 5
20.00000 20.00000 8
5.00000 5.00000 16
60.00000 12.00000 31
40.00000 25.00000 9
42.00000 7.00000 5
24.00000 12.00000 5
23.00000 3.00000 7
11.00000 14.00000 18
6.00000 38.00000 16
2.00000 48.00000 1
8.00000 56.00000 27
13.00000 52.00000 36
6.00000 68.00000 30
47.00000 47.00000 13
49.00000 58.00000 10
27.00000 43.00000 9
37.00000 31.00000 14
57.00000 29.00000 18
63.00000 23.00000 2
53.00000 12.00000 6
32.00000 12.00000 7
36.00000 26.00000 18
21.00000 24.00000 28
17.00000 34.00000 3
12.00000 24.00000 13
24.00000 58.00000 19
27.00000 69.00000 10
15.00000 77.00000 9
62.00000 77.00000 20
49.00000 73.00000 25
67.00000 5.00000 25
56.00000 39.00000 36
37.00000 47.00000 6
37.00000 56.00000 5
57.00000 68.00000 15
47.00000 16.00000 25
44.00000 17.00000 9
46.00000 13.00000 8
49.00000 11.00000 18
49.00000 42.00000 13
53.00000 43.00000 14
61.00000 52.00000 3
57.00000 48.00000 23
56.00000 37.00000 6
55.00000 54.00000 26
15.00000 47.00000 16
14.00000 37.00000 11
11.00000 31.00000 7
16.00000 22.00000 41
4.00000 18.00000 35
28.00000 18.00000 26
26.00000 52.00000 9
26.00000 35.00000 15
31.00000 67.00000 3
15.00000 19.00000 1
22.00000 22.00000 2
18.00000 24.00000 22
26.00000 27.00000 27
25.00000 24.00000 20
22.00000 27.00000 11
25.00000 21.00000 12
19.00000 21.00000 10
20.00000 26.00000 9
18.00000 18.00000 17
