200
7
10.00000 45.00000 0
25.00000 1.00000 25
25.00000 3.00000 7
31.00000 5.00000 13
32.00000 5.00000 6
31.00000 7.00000 14
32.00000 9.00000 5
34.00000 9.00000 11
46.00000 9.00000 19
35.00000 7.00000 5
34.00000 6.00000 15
35.00000 5.00000 15
47.00000 6.00000 17
40.00000 5.00000 13
39.00000 3.00000 12
36.00000 3.00000 18
73.00000 6.00000 13
73.00000 8.00000 18
24.00000 36.00000 12
76.00000 6.00000 17
76.00000 10.00000 4
76.00000 13.00000 7
78.00000 3.00000 12
78.00000 9.00000 13
79.00000 3.00000 8
79.00000 5.00000 16
79.00000 11.00000 15
82.00000 3.00000 6
82.00000 7.00000 5
90.00000 15.00000 9
84.00000 3.00000 11
84.00000 5.00000 10
84.00000 9.00000 3
85.00000 1.00000 7
87.00000 5.00000 2
85.00000 8.00000 4
87.00000 7.00000 4
86.00000 41.00000 18
86.00000 44.00000 14
86.00000 46.00000 12
85.00000 55.00000 17
89.00000 43.00000 20
89.00000 46.00000 14
89.00000 52.00000 16
92.00000 42.00000 10
92.00000 52.00000 9
94.00000 42.00000 11
94.00000 44.00000 7
94.00000 48.00000 13
96.00000 42.00000 5
99.00000 46.00000 4
99.00000 50.00000 21
83.00000 80.00000 13
83.00000 83.00000 11
85.00000 81.00000 12
85.00000 85.00000 14
85.00000 89.00000 10
87.00000 80.00000 8
87.00000 86.00000 16
90.00000 77.00000 19
90.00000 88.00000 5
93.00000 82.00000 17
93.00000 84.00000 7
93.00000 89.00000 16
94.00000 86.00000 14
95.00000 80.00000 17
99.00000 89.00000 13
37.00000 83.00000 17
50.00000 80.00000 13
35.00000 85.00000 14
35.00000 87.00000 16
44.00000 86.00000 7
46.00000 89.00000 13
46.00000 83.00000 9
46.00000 87.00000 11
46.00000 89.00000 35
48.00000 83.00000 5
50.00000 85.00000 28
50.00000 88.00000 7
54.00000 86.00000 3
54.00000 90.00000 10
10.00000 35.00000 7
10.00000 40.00000 12
18.00000 30.00000 11
17.00000 35.00000 10
16.00000 38.00000 8
14.00000 40.00000 11
15.00000 42.00000 21
11.00000 42.00000 4
18.00000 40.00000 15
21.00000 39.00000 16
20.00000 40.00000 4
18.00000 41.00000 16
20.00000 44.00000 7
22.00000 44.00000 10
16.00000 45.00000 9
20.00000 45.00000 11
25.00000 45.00000 17
30.00000 55.00000 12
20.00000 50.00000 11
22.00000 51.00000 7
18.00000 49.00000 9
16.00000 48.00000 11
20.00000 55.00000 12
18.00000 53.00000 7
14.00000 50.00000 8
15.00000 51.00000 6
16.00000 54.00000 5
28.00000 33.00000 12
33.00000 38.00000 13
30.00000 50.00000 7
13.00000 40.00000 7
15.00000 36.00000 8
18.00000 31.00000 11
25.00000 37.00000 13
30.00000 46.00000 11
25.00000 52.00000 10
16.00000 33.00000 7
25.00000 35.00000 4
5.00000 40.00000 20
5.00000 50.00000 13