200
28
0.00000 0.00000 0
5.77350 0.00000 40
2.88670 5.00000 40
-2.88680 5.00000 40
-5.77350 0.00000 40
-2.88670 -5.00000 40
2.88680 -5.00000 40
8.66030 5.00000 40
0.00000 10.00000 40
-8.66030 5.00000 40
-8.66030 -5.00000 40
0.00000 -10.00000 40
8.66030 -5.00000 40
5.34050 0.75000 10
3.31980 4.25000 10
6.49520 -1.25000 10
7.21690 -2.50000 20
7.93860 -3.75000 10
6.49520 1.25000 10
7.21690 2.50000 20
7.93860 3.75000 10
2.02070 5.00000 10
-2.02070 5.00000 10
4.33010 5.00000 10
5.77350 5.00000 20
7.21690 5.00000 10
2.16510 6.25000 10
1.44340 7.50000 20
0.72170 8.75000 10
-3.31980 4.25000 10
-5.34050 0.75000 10
-2.16510 6.25000 10
-1.44340 7.50000 20
-0.72170 8.75000 10
-4.33010 5.00000 10
-5.77350 5.00000 20
-7.21690 5.00000 10
-5.34050 -0.75000 10
-3.31980 -4.25000 10
-6.49520 1.25000 10
-7.21690 2.50000 20
-7.93860 3.75000 10
-6.49520 -1.25000 10
-7.21690 -2.50000 20
-7.93860 -3.75000 10
-2.02070 -5.00000 10
2.02070 -5.00000 10
-4.33010 -5.00000 10
-5.77350 -5.00000 20
-7.21690 -5.00000 10
-2.16510 -6.25000 10
-1.44340 -7.50000 20
-0.72170 -8.75000 10
3.31980 -4.25000 10
5.34050 -0.75000 10
2.16510 -6.25000 10
1.44340 -7.50000 20
0.72170 -8.75000 10
4.33010 -5.00000 10
5.77350 -5.00000 20
7.21690 -5.00000 10
7.21690 0.00000 40
3.60840 6.25000 40
-3.60840 6.25000 40
-7.21690 0.00000 40
-3.60840 -6.25000 40
3.60840 -6.25000 40
10.82530 6.25000 40
0.00000 12.50000 40
-10.82530 6.25000 40
-10.82530 -6.25000 40
0.00000 -12.50000 40
10.82530 -6.25000 40
6.67560 0.93750 10
4.14970 5.31250 10
8.11900 -1.56250 10
9.02110 -3.12500 20
9.92320 -4.68750 10
8.11900 1.56250 10
9.02110 3.12500 20
9.92320 4.68750 10
2.52590 6.25000 10
-2.52590 6.25000 10
5.41270 6.25000 10
7.21690 6.25000 20
9.02110 6.25000 10
2.70630 7.81250 10
1.80420 9.37500 20
0.90210 10.93750 10
-4.14970 5.31250 10
-6.67560 0.93750 10
-2.70630 7.81250 10
-1.80420 9.37500 20
-0.90210 10.93750 10
-5.41270 6.25000 10
-7.21690 6.25000 20
-9.02110 6.25000 10
-6.67560 -0.93750 10
-4.14970 -5.31250 10
-8.11900 1.56250 10
-9.02110 3.12500 20
-9.92320 4.68750 10
-8.11900 -1.56250 10
-9.02110 -3.12500 20
-9.92320 -4.68750 10
-2.52590 -6.25000 10
2.52590 -6.25000 10
-5.41270 -6.25000 10
-7.21690 -6.25000 20
-9.02110 -6.25000 10
-2.70630 -7.81250 10
-1.80420 -9.37500 20
-0.90210 -10.93750 10
4.14970 -5.31250 10
6.67560 -0.93750 10
2.70630 -7.81250 10
1.80420 -9.37500 20
0.90210 -10.93750 10
5.41270 -6.25000 10
7.21690 -6.25000 20
9.02110 -6.25000 10
9.02110 0.00000 40
4.51050 7.81250 40
-4.51050 7.81250 40
-9.02110 0.00000 40
-4.51050 -7.81250 40
4.51060 -7.81250 40
13.53160 7.81250 40
0.00000 15.62500 40
-13.53160 7.81250 40
-13.53160 -7.81250 40
0.00000 -15.62500 40
13.53160 -7.81250 40
8.34450 1.17190 10
5.18710 6.64060 10
10.14870 -1.95310 10
11.27640 -3.90620 20
12.40400 -5.85940 10
10.14870 1.95310 10
11.27640 3.90620 20
12.40400 5.85940 10
3.15740 7.81250 10
-3.15740 7.81250 10
6.76580 7.81250 10
9.02110 7.81250 20
11.27640 7.81250 10
3.38290 9.76560 10
2.25530 11.71870 20
1.12760 13.67190 10
-5.18710 6.64060 10
-8.34450 1.17190 10
-3.38290 9.76560 10
-2.25530 11.71870 20
-1.12760 13.67190 10
-6.76580 7.81250 10
-9.02110 7.81250 20
-11.27640 7.81250 10
-8.34450 -1.17190 10
-5.18710 -6.64060 10
-10.14870 1.95310 10
-11.27640 3.90620 20
-12.40400 5.85940 10
-10.14870 -1.95310 10
-11.27640 -3.90630 20
-12.40400 -5.85940 10
-3.15740 -7.81250 10
3.15740 -7.81250 10
-6.76580 -7.81250 10
-9.02110 -7.81250 20
-11.27640 -7.81250 10
-3.38290 -9.76560 10
-2.25530 -11.71870 20
-1.12760 -13.67190 10
5.18710 -6.64060 10
8.34450 -1.17190 10
3.38290 -9.76560 10
2.25530 -11.71870 20
1.12760 -13.67190 10
6.76580 -7.81250 10
9.02110 -7.81250 20
11.27640 -7.81250 10
11.27640 0.00000 40
5.63820 9.76560 40
-5.63820 9.76560 40
-11.27640 0.00000 40
-5.63820 -9.76560 40
5.63820 -9.76560 40
16.91460 9.76560 40
0.00000 19.53120 40
-16.91460 9.76560 40
-16.91460 -9.76560 40
0.00000 -19.53120 40
16.91460 -9.76560 40
10.43060 1.46480 10
6.48390 8.30080 10
12.68590 -2.44140 10
14.09550 -4.88280 20
15.50500 -7.32420 10
12.68590 2.44140 10
14.09550 4.88280 20
15.50500 7.32420 10
3.94670 9.76560 10
-3.94670 9.76560 10
8.45730 9.76560 10
11.27640 9.76560 20
14.09550 9.76560 10
4.22860 12.20700 10
2.81910 14.64840 20
1.40950 17.08980 10
-6.48390 8.30080 10
-10.43060 1.46480 10
-4.22860 12.20700 10
-2.81910 14.64840 20
-1.40950 17.08980 10
-8.45730 9.76560 10
-11.27640 9.76560 20
-14.09550 9.76560 10
-10.43060 -1.46480 10
-6.48390 -8.30080 10
-12.68590 2.44140 10
-14.09550 4.88280 20
-15.50500 7.32420 10
-12.68590 -2.44140 10
-14.09550 -4.88280 20
-15.50500 -7.32420 10
-3.94670 -9.76560 10
3.94670 -9.76560 10
-8.45730 -9.76560 10
-11.27640 -9.76560 20
-14.09550 -9.76560 10
-4.22860 -12.20700 10
-2.81910 -14.64840 20
-1.40950 -17.08980 10
6.48390 -8.30080 10
10.43060 -1.46480 10
4.22860 -12.20700 10
2.81910 -14.64840 20
1.40950 -17.08980 10
8.45730 -9.76560 10
11.27640 -9.76560 20
14.09550 -9.76560 10
14.09550 0.00000 40
7.04770 12.20700 40
-7.04770 12.20700 40
-14.09550 0.00000 40
-7.04770 -12.20700 40
7.04770 -12.20700 40
21.14320 12.20700 40
0.00000 24.41410 40
-21.14320 12.20700 40
-21.14320 -12.20700 40
0.00000 -24.41410 40
21.14320 -12.20700 40
13.03830 1.83110 10
8.10490 10.37600 10
15.85740 -3.05180 10
17.61930 -6.10350 20
19.38130 -9.15530 10
15.85740 3.05180 10
17.61930 6.10350 20
19.38130 9.15530 10
4.93340 12.20700 10
-4.93340 12.20700 10
10.57160 12.20700 10
14.09550 12.20700 20
17.61930 12.20700 10
5.28580 15.25880 10
3.52390 18.31050 20
1.76190 21.36230 10
-8.10490 10.37600 10
-13.03830 1.83110 10
-5.28580 15.25880 10
-3.52390 18.31050 20
-1.76190 21.36230 10
-10.57160 12.20700 10
-14.09550 12.20700 20
-17.61930 12.20700 10
-13.03830 -1.83110 10
-8.10490 -10.37600 10
-15.85740 3.05180 10
-17.61930 6.10350 20
-19.38130 9.15530 10
-15.85740 -3.05180 10
-17.61930 -6.10350 20
-19.38130 -9.15530 10
-4.93340 -12.20700 10
4.93340 -12.20700 10
-10.57160 -12.20700 10
-14.09550 -12.20700 20
-17.61930 -12.20700 10
-5.28580 -15.25880 10
-3.52390 -18.31050 20
-1.76190 -21.36230 10
8.10490 -10.37600 10
13.03830 -1.83110 10
5.28580 -15.25880 10
3.52390 -18.31050 20
1.76190 -21.36230 10
10.57160 -12.20700 10
14.09550 -12.20700 20
17.61930 -12.20700 10
