160
5
30.00000 40.00000 0
37.00000 52.00000 7
49.00000 49.00000 30
52.00000 64.00000 16
20.00000 26.00000 9
40.00000 30.00000 21
21.00000 47.00000 15
17.00000 63.00000 19
31.00000 62.00000 23
52.00000 33.00000 11
51.00000 21.00000 5
42.00000 41.00000 19
31.00000 32.00000 29
5.00000 25.00000 23
12.00000 42.00000 21
36.00000 16.00000 10
52.00000 41.00000 15
27.00000 23.00000 3
17.00000 33.00000 41
13.00000 13.00000 9
57.00000 58.00000 28
62.00000 42.00000 8
42.00000 57.00000 8
16.00000 57.00000 16
8.00000 52.00000 10
7.00000 38.00000 28
27.00000 68.00000 7
30.00000 48.00000 15
43.00000 67.00000 14
58.00000 48.00000 6
58.00000 27.00000 19
37.00000 69.00000 11
38.00000 46.00000 12
46.00000 10.00000 23
61.00000 33.00000 26
62.00000 63.00000 17
63.00000 69.00000 6
32.00000 22.00000 9
45.00000 35.00000 15
59.00000 15.00000 14
5.00000 6.00000 7
10.00000 17.00000 27
21.00000 10.00000 13
5.00000 64.00000 11
30.00000 15.00000 16
39.00000 10.00000 10
32.00000 39.00000 5
25.00000 32.00000 25
25.00000 55.00000 17
48.00000 28.00000 18
56.00000 37.00000 10
