140
10
40.00000 40.00000 0
22.00000 22.00000 18
36.00000 26.00000 26
21.00000 45.00000 11
45.00000 35.00000 30
55.00000 20.00000 21
33.00000 34.00000 19
50.00000 50.00000 15
55.00000 45.00000 16
26.00000 59.00000 29
40.00000 66.00000 26
55.00000 65.00000 37
35.00000 51.00000 16
62.00000 35.00000 12
62.00000 57.00000 31
62.00000 24.00000 8
21.00000 36.00000 19
33.00000 44.00000 20
9.00000 56.00000 13
62.00000 48.00000 15
66.00000 14.00000 22
44.00000 13.00000 28
26.00000 13.00000 12
11.00000 28.00000 6
7.00000 43.00000 27
17.00000 64.00000 14
41.00000 46.00000 18
55.00000 34.00000 17
35.00000 16.00000 29
52.00000 26.00000 13
43.00000 26.00000 22
31.00000 76.00000 25
22.00000 53.00000 28
26.00000 29.00000 27
50.00000 40.00000 19
55.00000 50.00000 10
54.00000 10.00000 12
60.00000 15.00000 14
47.00000 66.00000 24
30.00000 60.00000 16
30.00000 50.00000 33
12.00000 17.00000 15
15.00000 14.00000 11
16.00000 19.00000 18
21.00000 48.00000 17
50.00000 30.00000 21
51.00000 42.00000 27
50.00000 15.00000 19
48.00000 21.00000 20
12.00000 38.00000 5
15.00000 56.00000 22
29.00000 39.00000 12
54.00000 38.00000 19
55.00000 57.00000 22
67.00000 41.00000 16
10.00000 70.00000 7
6.00000 25.00000 26
65.00000 27.00000 14
40.00000 60.00000 21
70.00000 64.00000 24
64.00000 4.00000 13
36.00000 6.00000 15
30.00000 20.00000 18
20.00000 30.00000 11
15.00000 5.00000 28
50.00000 70.00000 9
57.00000 72.00000 37
45.00000 42.00000 30
38.00000 33.00000 10
50.00000 4.00000 8
66.00000 8.00000 11
59.00000 5.00000 3
35.00000 60.00000 1
27.00000 24.00000 6
40.00000 20.00000 10
40.00000 37.00000 20
